#Aberdaron,-11223,57,-2546,-113,-535,-1586,-10,472,831,-37,601,-8,-353,32,-4,-168,8
#Aberdeen,8052,49,-2325,-83,-531,-1609,-199,806,730,136,383,-57,-222,-48,30,-167,10
#Aberdovey,-11546,57,-2749,272,-213,-911,-39,547,689,23,623,-206,-315,23,-44,-257,8
#Aberporth,-13728,55,-2451,210,-613,-1370,-220,578,700,-3,608,-72,-298,-11,109,-177,7
#Aberystwyth,-12635,57,-2633,66,-275,-1405,-2,713,807,115,571,-83,-350,-63,-74,-251,7
#Albert Bridge,10262,58,-2031,1518,-326,-1641,91,853,663,-239,238,-423,-162,170,-93,-168,6
#Aldeburgh,-1294,48,-2181,159,-755,-1468,-181,730,699,95,418,-52,-209,-9,53,-160,19
#Allington Lock,6855,50,-2031,1374,-469,-1586,42,812,702,-195,282,-345,-203,140,-88,-190,7
#Alloa,15529,50,-1663,537,-547,-1464,-51,853,517,-72,249,-188,-183,83,-42,-216,7
#Amble,14796,50,-2330,42,-553,-1608,-160,808,753,109,387,-99,-248,-26,23,-175,9
#Amlwch,-2453,52,-2352,128,-500,-1663,-152,861,787,164,524,-69,-303,-55,37,-239,8
#Annan Waterfoot,2822,50,-2473,79,-395,-1683,-157,861,823,-7,481,-98,-293,-34,54,-224,6
#Anstruther Easter,11579,49,-2082,121,-612,-1569,-117,785,638,68,298,-157,-215,44,-24,-123,7
#Applecross,-16201,51,-2543,-945,-329,-1776,-351,946,844,405,402,264,-177,-212,208,-185,9
#Appledore,-20378,54,-2644,348,-25,-1570,-226,739,631,-52,521,-23,-249,4,69,-265,6
#Arbroath,10850,49,-2726,136,-552,-1615,-188,856,732,125,446,-120,-242,-41,16,-209,10
#Ardchattan Point,-13727,54,-3446,-184,-168,-1604,-106,892,1212,275,1056,131,-612,-250,105,-441,17
#Ardglass,-9,49,-2283,-137,-615,-1697,-119,884,597,71,377,-60,-168,-37,29,-193,7
#Ardnave Point,-20807,51,-3176,591,-180,-1592,-32,869,1204,380,1065,80,-595,-244,70,-438,17
#Ardrossan,2942,46,-2191,896,-491,-1520,-17,580,802,-246,414,-423,-350,196,-118,-106,14
#Arklow,-8439,55,-2188,-2204,-512,-1647,-324,600,680,175,387,116,-142,-114,208,-137,9
#Arnside,3928,50,-2537,-354,-374,-1691,-206,857,823,-22,497,-61,-295,-54,81,-224,6
#Arrochar,3598,45,-2314,1094,-499,-1520,2,600,804,-244,406,-472,-357,209,-135,-112,14
#Ayr,2398,46,-2321,1081,-494,-1522,0,600,806,-239,412,-467,-359,205,-134,-114,14
#Badcall Bay,-15101,51,-2640,-872,-340,-1777,-344,958,845,401,421,250,-186,-210,203,-196,9
#Baginbun Head,-21783,51,-2209,703,-300,-1567,-65,752,790,-92,314,-178,-266,74,-39,-159,5
#Balbriggan,248,50,-2259,-533,-631,-1641,-125,677,684,157,264,-68,-175,-32,104,-129,8
#Balivanich,-17948,51,-3043,-34,-400,-1764,-271,1010,811,452,469,187,-216,-205,162,-236,10
#Ballinskelligs Bay Castle,-25638,51,-1686,-90,-242,-1569,-140,680,791,-87,319,-2,-238,26,26,-125,5
#Ballycastle Bay,-13415,53,-1722,-4012,-1370,-1355,-786,428,242,1017,-319,502,-54,-36,197,304,23
#Ballycotton,-22325,53,-2055,470,-285,-1568,-86,732,791,-93,315,-128,-258,61,-21,-149,5
#Ballycrovane Harbour,-25458,50,-1686,-88,-243,-1569,-140,680,791,-88,319,-3,-238,27,26,-125,5
#Ballysadare Bay (Culleenamore),-18544,50,-2195,-265,-627,-1567,-77,840,737,111,452,-26,-209,-55,-42,-270,10
#Baltasound Pier,-3699,49,-2295,234,-336,-1696,-140,791,781,116,483,-30,-243,-70,35,-212,11
#Baltimore,-22946,50,-1949,312,-274,-1568,-101,716,790,-93,318,-93,-252,52,-7,-144,5
#Banff,3139,50,-2201,992,-571,-1598,-79,838,727,177,269,-127,-237,-3,-42,-158,10
#Bangor,-510,49,-1990,178,-558,-1690,-78,790,709,28,416,-189,-243,51,-4,-192,7
#Bantry,-24146,50,-1951,301,-269,-1569,-103,716,791,-88,319,-90,-252,49,-6,-144,5
#Barcaldine Pier,-19391,53,-3380,-83,-153,-1602,-98,886,1205,324,1051,161,-597,-273,110,-437,17
#Bardsey Island,-12312,56,-2258,217,-471,-1671,-145,850,778,210,528,-46,-296,-76,35,-237,8
#Barmouth,-11585,59,-2456,504,-388,-1611,-134,807,784,-3,521,-153,-329,-29,67,-258,8
#Barnstaple,-19510,34,-2452,264,-256,-1688,-135,848,848,-46,551,-132,-340,-8,31,-241,6
#Barra Head,-19055,51,-2940,-275,-377,-1767,-297,993,813,452,448,215,-202,-215,177,-222,10
#Barra (North Bay),-18441,51,-2914,-328,-376,-1765,-301,989,816,448,444,218,-199,-216,180,-219,10
#Barrow (Ramsden Dock),333,54,-2315,318,-404,-1606,-151,811,735,21,389,-106,-264,-14,46,-226,6
#Barry,-16956,49,-2419,1175,-114,-1688,32,792,849,-161,553,-174,-326,14,-25,-264,7
#Bartlett Creek,4992,50,-2112,1210,-454,-1591,20,818,704,-191,304,-330,-211,132,-78,-194,7
#Battlesbridge,5664,50,-2182,1096,-432,-1635,-7,862,703,-193,349,-325,-244,120,-32,-178,6
#Bawdsey,63,48,-2138,894,-401,-1640,-32,851,708,-176,376,-287,-247,100,-14,-176,6
#Bay Of Laig,-18905,51,-3533,21,-161,-1607,-90,903,1207,331,1054,145,-615,-271,104,-444,18
#Bay Of Quendale,-2641,49,-2310,139,-334,-1698,-151,791,781,108,485,-24,-243,-72,40,-211,11
#Bays Loch,-17188,51,-2853,-452,-370,-1763,-313,979,820,438,436,225,-193,-216,185,-210,10
#Beachley (Aust),-15024,56,-2403,1398,28,-1619,99,798,807,-263,553,-296,-332,75,-37,-311,8
#Beaumaris,-2282,53,-2297,229,-507,-1660,-138,858,788,166,522,-85,-302,-50,28,-238,8
#Bee Ness,4385,50,-2194,1043,-442,-1597,0,822,703,-193,321,-316,-216,123,-67,-199,7
#Belfast,-552,49,-2088,178,-697,-1792,-124,638,653,45,274,-193,-161,44,-90,-97,8
#Bembridge Approaches,126,44,-2103,-5,-480,-1593,-81,901,793,4,477,-181,-348,22,-6,-225,11
#Bembridge Harbour,1273,47,-2164,566,-521,-1575,-25,924,799,13,475,-236,-361,52,-51,-229,11
#Berkeley,-13515,68,-2581,1552,15,-1620,116,816,805,-266,565,-360,-340,92,-58,-321,8
#Berwick,12396,49,-2330,15,-543,-1612,-164,807,752,119,389,-90,-247,-32,26,-174,9
#Bideford,-20363,54,-2449,478,-267,-1683,-112,848,850,-35,541,-146,-342,2,20,-241,6
#Black Ball Harbour,-25398,51,-1686,-88,-243,-1569,-140,680,791,-88,319,-3,-238,27,26,-125,5
#Black Tar,-18046,49,-2357,821,-298,-1675,-70,843,847,-35,535,-210,-336,25,-10,-245,6
#Blackpool,-1204,53,-2460,143,-382,-1684,-150,862,821,15,481,-92,-290,-38,55,-223,6
#Blacksod Quay,-20634,49,-2204,-246,-621,-1570,-79,841,737,121,460,-18,-211,-56,-38,-272,10
#Blacktoft,-16872,64,-2558,366,-496,-1697,-91,645,840,-43,318,-102,-251,21,-7,-30,12
#Blakeney,-16323,50,-2544,220,-284,-1709,-165,738,876,-136,551,-61,-352,27,125,-223,12
#Blakeney Bar,-18377,50,-2497,417,-285,-1701,-141,731,876,-121,540,-72,-350,34,114,-218,12
#Cullivoe,-5015,47,-2248,-48,-297,-1571,-116,815,623,126,484,15,-226,-88,35,-267,18
#Blyth,15119,51,-2244,88,-581,-1529,-138,740,676,52,343,-52,-217,-5,96,-170,9
#Bofin Harbour,-21719,49,-2276,49,-632,-1574,-51,865,739,128,497,-34,-219,-44,-51,-287,10
#Bognor Regis,-422,48,-2301,471,-306,-1952,-71,690,858,-104,530,-72,-329,-5,67,-104,7
#Bonawe,-13208,55,-3349,119,-184,-1598,-75,884,1214,291,1060,83,-613,-230,84,-440,17
#Boscastle,-20478,45,-2421,1365,-324,-1666,-12,858,849,-5,493,-232,-346,47,-35,-242,7
#Bosham,1072,50,-2146,279,-445,-1651,134,788,732,28,436,-289,-203,43,-86,-51,9
#Boston,-18837,59,-2718,88,-475,-1291,-250,355,441,-117,554,-36,-169,59,198,-130,11
#Bouley Bay,-18367,54,-2637,1020,-111,-1715,-85,892,962,-173,682,-222,-445,22,23,-301,8
#Bovisand Pier,-21570,51,-2267,1141,132,-1647,56,898,813,-220,547,-226,-373,23,-71,-263,9
#Bowling,4795,49,-2433,1300,-510,-1520,21,620,806,-246,396,-522,-362,225,-151,-119,14
#Bradwell Waterside,3243,50,-1895,648,-362,-1464,25,588,325,-53,238,-229,-99,45,-57,-226,8
#Bramble Creek,1280,50,-2234,1206,-421,-1639,1,868,708,-172,351,-327,-249,117,-38,-179,7
#Braye,-15856,53,-2825,942,-117,-1724,-94,919,963,-189,714,-221,-459,27,33,-318,9
#Bridgwater,-17197,50,-2358,983,59,-1625,55,797,811,-265,592,-236,-334,48,-8,-313,8
#Bridlington,-25102,51,-2423,4,-509,-1604,-127,750,760,37,372,-56,-234,-11,-18,-131,9
#Bridport (West Bay),-18384,44,-2578,1476,91,-1992,62,683,1032,-153,575,-293,-427,71,55,-124,12
#Brightlingsea,2520,50,-2173,924,-412,-1639,-28,856,705,-185,371,-299,-247,106,-17,-178,6
#Brighton Marina,-757,51,-2637,650,-518,-1872,-38,688,799,-66,571,-86,-372,14,12,-99,8
#Broadford Bay,-16301,51,-2635,-888,-335,-1778,-346,957,842,407,418,255,-183,-213,205,-194,9
#Ballyglass (Broadhaven),-20323,49,-2382,-168,-399,-1685,-187,768,806,179,491,-16,-251,-80,47,-184,9
#Broadstairs,1577,54,-2305,580,-373,-1725,-83,856,828,-178,439,-299,-289,68,-22,-249,8
#Brodick Bay,3118,46,-2317,1089,-497,-1521,1,600,805,-242,409,-470,-358,208,-134,-113,14
#Brough,-17632,58,-2445,692,-504,-1589,-285,798,466,-139,405,-104,-180,44,97,-311,11
#Buckie,2237,49,-2286,189,-524,-1611,-171,813,726,165,352,-62,-224,-44,12,-163,10
#Bucklers Hard,-1022,47,-2039,-584,-441,-1612,-139,875,788,-8,481,-126,-337,-11,36,-222,11
#Bude,-21361,50,-2448,574,-270,-1681,-102,849,850,-27,536,-153,-343,4,15,-242,6
#Bulbinbeg,-17775,51,-2620,-939,-489,-1739,-376,867,839,345,522,319,-262,-271,200,-213,10
#Bull Sand Fort,-21376,50,-2505,355,-329,-1653,-167,780,831,12,501,-161,-298,20,106,-200,12
#Bunessan,-21226,52,-3436,-313,-136,-1609,-122,892,1201,325,1042,210,-591,-298,130,-436,17
#Burghead,2452,50,-2250,531,-544,-1606,-133,824,725,171,316,-89,-229,-27,-12,-160,10
#Burnham-On-Crouch,3953,51,-2071,1136,-203,-1532,-49,956,548,-157,184,-272,-129,147,-74,-181,9
#Burnham-On-Sea,-17151,54,-2336,1204,47,-1620,77,791,811,-259,564,-252,-330,59,-19,-308,8
#Burnham (Overy Staithe),-17083,50,-2394,867,-310,-1688,-85,724,876,-113,513,-121,-342,63,85,-215,12
#Burntisland,13045,47,-2151,470,-631,-1563,-79,809,642,69,290,-201,-220,63,-49,-128,7
#Burra Firth,-5342,49,-2314,108,-324,-1701,-156,788,781,118,485,-9,-243,-81,42,-210,11
#Burra Voe (Yell Sound),-2641,50,-2310,139,-334,-1698,-151,791,781,108,485,-24,-243,-72,40,-211,11
#Burray Ness,520,50,-2259,256,-413,-1634,-156,807,718,75,388,-61,-252,-53,32,-179,10
#Burry Port,-18783,52,-2440,607,-281,-1681,-95,851,847,-39,531,-168,-341,12,9,-243,6
#Burton Stather,-16748,63,-2519,326,-288,-1705,-153,735,876,-130,545,-69,-349,31,118,-222,12
#Burtonport,-19537,50,-2192,-301,-622,-1567,-83,836,738,114,451,-18,-211,-57,-38,-267,10
#Caernarfon,-5165,54,-2459,-102,-478,-1673,-183,863,787,168,527,-22,-305,-77,57,-237,8
#Caister-On-Sea,-11495,52,-2188,49,-717,-1488,-199,723,695,132,421,-7,-208,-33,63,-156,19
#Calf Sound,-229,50,-2433,377,-400,-1679,-122,865,820,16,474,-119,-290,-24,39,-225,6
#Campbeltown,2916,47,-2062,703,-485,-1519,-35,559,798,-250,421,-377,-342,186,-102,-99,13
#Camus Nan Gall,-17704,50,-3205,-551,-363,-1790,-325,1030,829,419,516,194,-219,-217,184,-255,10
#Cape Cornwall,-24910,54,-2459,199,-232,-1692,-145,847,849,-22,557,-103,-339,-26,40,-239,6
#Cardiff,-16439,50,-2437,1259,-19,-1695,32,753,871,-214,560,-219,-384,52,15,-198,7
#Cardigan (Town),-11635,50,-2678,80,-273,-1694,-154,876,845,-93,503,-90,-354,7,49,-237,6
#Cargreen,-20661,52,-2311,1364,114,-1646,81,902,812,-216,522,-259,-373,37,-88,-262,9
#Carloway,-16070,48,-3170,285,-431,-1760,-235,1030,809,447,497,148,-236,-188,139,-253,10
#Carmarthen,-18739,50,-2518,401,-267,-1687,-119,859,848,-46,524,-131,-345,2,26,-241,6
#Carnsore Point,-20821,50,-2631,2785,561,-1921,243,786,1025,-608,736,-541,-508,186,-110,-115,14
#Carradale,3242,47,-2189,899,-492,-1519,-17,580,801,-247,413,-425,-350,197,-118,-106,14
#Carrickfergus,-252,49,-2088,181,-698,-1792,-123,638,653,44,273,-193,-161,45,-90,-97,8
#Carrigaholt,-22639,49,-2617,132,-348,-1666,-82,660,734,114,525,67,-239,-48,41,-179,8
#Carsaig Bay,-23340,51,-3295,149,-152,-1598,-78,877,1200,370,1053,163,-589,-283,107,-434,17
#Carsaig Bay (Mull),-20890,51,-3379,-110,-147,-1605,-102,887,1203,336,1047,178,-593,-285,116,-437,17
#Castlebay,-19055,51,-2940,-275,-377,-1767,-297,993,813,452,448,215,-202,-215,177,-222,10
#Castletown Bearhaven,-23778,49,-2310,-221,-478,-1772,-154,684,735,129,370,34,-233,-42,-5,-129,5
#Castletownshend,-23465,51,-2346,872,-304,-1569,-51,770,791,-82,317,-213,-274,79,-52,-168,5
#Cemaes Bay,-2064,52,-2511,-159,-483,-1670,-189,869,789,154,530,-25,-307,-71,62,-239,8
#Chatham (Lock Approaches),4938,49,-2037,1043,-275,-1362,-18,882,613,-284,286,-274,-165,130,-40,-266,9
#Cheekpoint,-20499,52,-2318,1274,-127,-1769,-58,790,769,-190,391,-304,-298,121,-24,-207,6
#Chelsea Bridge,9811,55,-2069,1370,-317,-1561,119,819,695,-191,210,-406,-188,139,-80,-138,7
#Chesil Beach,-17196,44,-2539,1561,356,-1894,7,791,879,-143,315,-491,-284,203,-112,-145,9
#Chesil Cove,-17538,46,-2524,690,-713,-2149,-283,900,700,11,322,-179,-222,51,111,-261,9
#Chester,3370,50,-2428,420,-418,-1676,-116,863,822,-1,469,-134,-292,-14,31,-225,6
#Chichester Harbour (Entrance),661,44,-2233,343,-445,-1652,138,798,732,31,450,-314,-208,44,-95,-59,9
#Clacton-On-Sea,1792,50,-2167,867,-407,-1640,-35,854,705,-184,381,-295,-247,102,-14,-180,6
#Clare Island,-21339,50,-2225,-161,-622,-1570,-70,847,737,123,472,-20,-213,-52,-42,-275,10
#Clevedon,-16725,52,-2345,1098,51,-1623,67,793,811,-265,576,-247,-332,56,-15,-310,8
#Clifden Bay,-22065,50,-2256,-39,-626,-1573,-60,858,737,128,487,-25,-216,-48,-46,-282,10
#Clonakilty Bay,-23373,50,-1924,269,-270,-1568,-105,713,790,-92,317,-83,-250,49,-4,-141,5
#Clovelly,-20761,51,-2447,581,-272,-1681,-101,849,850,-29,535,-156,-343,6,14,-242,6
#Clydebank (Rothesay Dock),5090,48,-2611,1204,-492,-1410,14,486,740,-453,498,-658,-303,376,-124,-122,16
#Cobh,-21963,53,-2210,701,-299,-1567,-65,752,791,-91,314,-177,-266,74,-39,-159,5
#Cockenzie,11872,50,-2150,437,-624,-1566,-84,805,641,71,291,-195,-219,58,-45,-130,7
#Colchester,2964,50,-2196,1067,-420,-1638,-12,862,705,-183,358,-316,-247,114,-29,-178,6
#Coleraine,-15031,51,-2018,-2205,-293,-1501,-466,615,843,392,301,387,-104,-356,232,-43,11
#Colwyn Bay,-1729,50,-2436,359,-394,-1680,-125,864,820,23,475,-112,-290,-28,41,-224,6
#Coney Island,-17701,50,-2507,133,-366,-1664,-79,651,736,95,515,46,-233,-40,36,-177,8
#Connah's Quay,-177,50,-2472,43,-380,-1685,-162,862,821,7,485,-86,-291,-41,61,-223,6
#Connel,-19704,51,-3527,-582,-128,-1612,-147,898,1202,294,1040,235,-596,-303,144,-435,17
#Conwy,-1635,56,-2566,-255,-479,-1672,-201,872,790,149,530,-13,-308,-75,70,-239,8
#Coquet Island,14976,50,-2330,44,-554,-1608,-159,808,754,108,387,-99,-248,-26,22,-175,9
#Cork City,-21556,54,-2145,613,-296,-1567,-73,744,790,-94,313,-159,-262,70,-32,-155,5
#Corpach,-19625,53,-3322,114,-162,-1598,-78,880,1205,339,1056,136,-597,-263,98,-436,17
#Corran,-19907,51,-3439,-289,-142,-1606,-118,890,1203,315,1046,195,-595,-288,125,-435,17
#Coryton,4767,50,-2142,1025,-411,-1635,19,862,733,-237,359,-364,-225,148,-59,-193,6
#Cotehele Quay,-20322,55,-2358,1584,98,-1646,105,905,811,-210,496,-288,-374,50,-104,-261,9
#Coulport,3761,46,-2299,1144,-428,-1584,115,436,813,-264,454,-495,-323,219,-233,-60,16
#Courtmacsherry,-23029,53,-1990,368,-276,-1569,-96,722,791,-92,317,-104,-253,56,-13,-145,5
#Courtown,-9941,57,-2196,-1574,-539,-1653,-251,629,678,186,337,55,-153,-90,169,-129,9
#Coverack,-22852,53,-2437,728,-310,-1888,-283,848,884,-153,339,-48,-274,40,52,-96,7
#Craignure,-19471,51,-3587,-779,-119,-1615,-167,903,1203,281,1036,260,-596,-313,155,-436,17
#Cranfield Point,145,49,-2261,-767,-618,-1641,-154,666,685,156,284,-47,-171,-42,118,-132,8
#Cranford Bay,-10356,50,-2602,35,-665,-1569,-52,895,742,82,579,-52,-234,-30,-54,-313,10
#Criccieth,-11546,59,-2717,-261,-568,-1589,-113,517,691,13,670,52,-313,-27,41,-212,7
#Cromane Point,-23006,51,-1949,312,-274,-1568,-101,716,790,-92,318,-93,-252,52,-7,-144,5
#Cromarty,2621,50,-2078,728,-346,-1788,-35,753,669,-17,390,-175,-195,26,-79,-133,10
#Cromer,-17741,54,-2551,116,-453,-1710,-184,891,863,78,545,0,-330,-82,101,-239,14
#Crookhaven,-24756,51,-1899,218,-262,-1568,-112,710,791,-86,318,-71,-250,44,0,-139,5
#Culdaff Bay,-17014,50,-2526,-1398,-343,-1509,-397,678,822,443,429,402,-142,-336,221,-92,11
#Culmore Point,-12748,51,-2764,-1003,-383,-1508,-361,709,826,441,501,385,-174,-320,213,-121,12
#Cumberland Basin Entrance,-15149,50,-2312,1333,32,-1618,92,789,808,-264,546,-272,-327,71,-29,-305,8
#Cushendun,-1046,48,-1573,916,-739,-1778,-6,613,658,63,236,-292,-144,78,-144,-99,8
#Dale Roads,-19261,51,-2442,599,-279,-1679,-98,849,849,-36,533,-164,-343,11,11,-242,6
#Darnett Ness,4505,50,-2193,1044,-443,-1597,0,822,703,-193,321,-317,-216,124,-67,-199,7
#Dartmouth,-19757,47,-2255,1374,111,-1645,82,896,811,-220,497,-255,-371,41,-88,-254,9
#Deal,-165,57,-2770,461,-465,-2147,-30,618,908,-13,565,-258,-352,41,102,-77,10
#Deer Sound,-2179,49,-2260,226,-399,-1636,-160,808,716,87,390,-52,-249,-58,37,-178,10
#Dell Quay,1372,50,-2146,282,-446,-1650,135,788,732,26,435,-290,-203,43,-86,-50,9
#Dingle Harbour,-25433,51,-1820,100,-253,-1569,-123,698,791,-85,318,-45,-245,37,10,-134,5
#Dingwall (Cromarty Firth),3800,50,-2003,1028,-334,-1865,-99,734,676,-59,255,-247,-202,0,26,-71,11
#Donaghadee,647,50,-2089,190,-704,-1791,-122,636,655,39,271,-194,-162,44,-92,-96,8
#Donegal Harbour (Salt Hill Quay),-19802,50,-2195,-281,-622,-1567,-81,838,738,116,454,-19,-210,-57,-38,-270,10
#Dornie Bridge,-16655,54,-2903,-946,607,-2287,44,1188,787,88,573,497,-350,-200,220,-578,17
#Douglas,435,52,-2415,133,-489,-1676,-149,768,755,47,422,-42,-277,14,8,-188,8
#Dover,-970,59,-2732,388,-525,-1992,-20,659,935,-25,588,-104,-365,-8,89,-88,8
#Downies Bay,-19410,50,-2558,-75,-629,-1582,-70,890,739,119,569,-2,-230,-51,-33,-313,10
#Drummore,1494,51,-2460,176,-396,-1682,-145,861,822,2,478,-103,-292,-32,49,-224,6
#Dublin Bar,1121,47,-2263,-500,-638,-1641,-122,676,686,153,260,-70,-176,-30,100,-128,8
#Dublin (North Wall),1380,46,-2261,-385,-645,-1641,-108,681,686,152,252,-83,-178,-25,92,-128,8
#Duddon Bar,-409,54,-2433,375,-400,-1679,-123,864,820,17,474,-118,-290,-24,39,-225,6
#Dun Laoghaire,1551,46,-2208,-343,-718,-1606,-225,738,700,157,278,-9,-169,-7,70,-157,7
#Dunany Point,-69,50,-2259,-630,-624,-1641,-137,673,684,158,272,-59,-173,-36,110,-129,8
#Dunbar,12221,49,-2257,80,-576,-1548,-131,691,705,7,376,-159,-179,19,-22,-91,9
#Dunbeacon Harbour,-24539,52,-1793,70,-255,-1569,-125,695,791,-89,319,-39,-243,37,13,-131,5
#Duncansby Head,-4280,50,-2265,202,-392,-1639,-165,805,716,93,391,-42,-249,-65,38,-177,10
#Dundalk,1027,50,-2263,-524,-636,-1641,-124,675,686,152,263,-68,-176,-33,101,-129,8
#Dundee,13254,49,-2282,402,-400,-1722,-129,586,744,-25,315,-82,-217,45,43,-70,9
#Dungarvan Harbour,-21534,52,-2106,554,-293,-1567,-78,739,790,-95,313,-146,-260,67,-27,-153,5
#Dungeness,-1725,58,-2719,484,-526,-1990,-5,661,934,-18,585,-114,-365,-5,82,-87,8
#Dunkerron Harbour,-25248,49,-1554,-275,-232,-1569,-157,662,790,-91,318,37,-230,18,40,-115,5
#Dunmanus Harbour,-25028,51,-1740,-11,-249,-1569,-133,688,790,-89,318,-21,-240,31,18,-128,5
#Dunmore East,-21649,52,-2272,797,-306,-1567,-56,761,790,-91,315,-196,-269,79,-46,-164,5
#Dunstaffnage Bay,-20239,51,-3466,-391,-136,-1608,-128,892,1202,310,1045,213,-594,-295,133,-435,17
#East Loch Tarbert (Outer Hebrides),-16761,51,-2761,-652,-356,-1763,-334,965,826,432,420,244,-183,-224,198,-199,10
#East Loch Tarbert (Loch Fyne),3598,46,-2314,1094,-499,-1520,2,600,804,-244,406,-472,-357,209,-135,-112,14
#Eastbourne,-966,54,-2603,767,-315,-1944,-39,729,861,-91,550,-196,-348,8,24,-125,7
#Eastham,258,53,-2299,505,-370,-1665,-67,806,734,32,485,-137,-304,-59,14,-203,7
#Egilsay,-4880,48,-2265,196,-389,-1640,-166,805,716,96,391,-40,-249,-67,39,-177,10
#English And Welsh Grounds,-16229,50,-2319,1320,37,-1618,90,789,809,-260,549,-266,-328,67,-27,-305,8
#Erith,7017,50,-2129,1252,-303,-1605,67,840,707,-336,307,-410,-217,164,-97,-170,6
#Esha Ness (Hamna Voe),-8342,50,-2315,74,-311,-1703,-161,787,779,130,485,5,-240,-88,46,-209,11
#Exmouth (Approaches),-18151,45,-2206,1666,-227,-2202,147,1167,870,-114,357,-478,-270,170,-79,-254,8
#Exmouth Dock,-18214,49,-2242,1608,89,-1642,108,893,809,-220,443,-280,-368,58,-103,-245,9
#Eyemouth,12517,49,-2053,-9,-609,-1567,-130,776,639,63,301,-148,-211,43,-14,-120,7
#Fair Isle,-1761,46,-2277,347,-350,-1693,-126,792,781,110,482,-47,-246,-61,27,-213,11
#Falmouth,-22736,53,-2441,775,-194,-1707,7,896,886,-81,663,-40,-389,-109,-64,-218,9
#Fanad Head,-18986,51,-3013,-165,-618,-1602,-91,938,737,117,696,48,-249,-62,-10,-360,11
#Fanny's Bay,-16596,50,-2602,-45,-639,-1579,-65,894,739,106,581,-16,-232,-45,-40,-316,10
#Faslane,4084,45,-2316,1211,-405,-1486,114,635,714,-268,325,-475,-376,238,-228,-168,15
#Felixstowe Pier,700,48,-2158,805,-407,-1555,-52,637,684,-203,255,-186,-196,129,-102,-112,8
#Fenit Pier,-24318,51,-1686,-79,-247,-1568,-138,681,790,-92,319,-7,-237,29,25,-125,5
#Ferryside,-19339,63,-2520,394,-264,-1688,-120,859,848,-43,525,-127,-345,0,27,-241,6
#Fethard-On-Sea,-21723,51,-2209,703,-300,-1567,-64,752,790,-92,314,-178,-266,74,-39,-159,5
#Fidra,12471,48,-2109,262,-620,-1565,-102,795,641,68,295,-177,-216,54,-34,-125,7
#Filey Bay,-25823,51,-2248,142,-515,-1601,-107,737,761,44,351,-83,-226,-5,-34,-124,9
#Fishguard,-14935,53,-2454,364,-351,-1679,-134,854,815,22,524,-111,-318,-32,39,-242,7
#Flannan Isles,-16997,51,-2716,-758,-346,-1764,-345,957,828,432,411,255,-177,-228,204,-193,10
#Flat Holm,-16649,50,-2322,1316,39,-1618,89,789,810,-258,550,-264,-328,66,-26,-305,8
#Fleetwood,-535,54,-2458,194,-453,-1635,-107,828,752,1,511,-23,-271,-35,10,-249,7
#Flixborough Wharf,-16008,64,-2362,987,-319,-1686,-70,725,876,-112,503,-136,-341,71,79,-216,12
#Folkestone,-1825,59,-2778,48,-507,-2000,-73,656,935,-29,600,-61,-367,-31,109,-91,8
#Folly Inn,478,42,-2044,-569,-447,-1610,-136,876,788,-14,479,-133,-337,-6,34,-222,11
#Foreland (Lifeboat Slip),426,44,-2103,-2,-482,-1593,-81,901,793,2,477,-182,-348,23,-7,-225,11
#Formby,-1331,53,-2447,256,-389,-1682,-137,863,821,18,478,-101,-290,-32,48,-224,6
#Fort Belan,-5147,51,-2723,-598,-448,-1685,-247,876,789,155,532,54,-310,-105,101,-236,8
#Fortrose,2991,50,-2049,685,-314,-1873,-147,734,679,-61,285,-220,-204,-17,48,-74,11
#Foula,-7142,51,-2315,88,-316,-1702,-159,787,780,125,485,0,-241,-85,45,-209,11
#Fowey,-21769,51,-2245,1034,140,-1647,44,896,813,-222,558,-211,-372,17,-63,-263,9
#Foynes Island,-18901,48,-2508,118,-361,-1665,-81,651,736,99,514,53,-232,-43,38,-177,8
#Fraserburgh,3215,50,-2240,-173,-508,-1614,-210,794,727,154,372,-31,-214,-59,37,-158,10
#Fremington,-19763,53,-2447,485,-270,-1682,-111,848,850,-37,540,-149,-342,4,19,-241,6
#Gairloch,-16097,51,-2117,-815,-568,-1939,-349,575,11,24,314,318,-1,-6,224,-129,8
#Galmisdale Pier,-19367,52,-3440,-280,-144,-1606,-117,891,1204,311,1047,189,-597,-285,123,-436,17
#Galway,-22366,48,-2255,-40,-625,-1575,-59,859,735,129,486,-25,-214,-49,-48,-283,10
#Garelochhead,3898,45,-2312,1098,-500,-1520,2,600,804,-246,405,-473,-356,210,-135,-112,14
#Garlieston,1194,50,-2460,172,-395,-1682,-146,861,822,3,479,-101,-292,-33,49,-224,6
#Garston,706,54,-2176,456,-442,-1527,-52,782,651,-65,282,-149,-181,31,-12,-206,6
#Gills Bay,-6304,47,-2347,-674,-507,-1446,-308,714,752,269,507,105,-294,-178,161,-147,12
#Girvan,1958,47,-2515,1362,-501,-1524,27,631,811,-231,407,-534,-371,220,-158,-125,14
#Glasgow,5202,48,-2636,1305,-562,-1470,-83,456,905,-407,437,-645,-400,348,-37,-147,19
#Glasson Dock,894,50,-2460,168,-394,-1683,-146,861,822,4,479,-100,-292,-34,50,-224,6
#Glenelg Bay,-18303,51,-3203,-562,-360,-1792,-327,1031,829,424,513,199,-218,-220,186,-256,10
#Glengarrisdale Bay,-20823,52,-3320,91,-157,-1601,-81,882,1203,348,1052,150,-594,-273,103,-437,17
#Golspie,1461,50,-2124,832,-555,-1598,-94,815,724,180,509,-193,-224,-13,-34,-213,10
#Goole,-15191,66,-2553,178,-512,-1591,-66,644,869,-141,367,-16,-164,-10,-16,-34,11
#Great Yarmouth (Gorleston-On-Sea),-8239,49,-2177,654,-536,-1711,-256,708,813,-12,249,-193,-192,-97,-42,-61,21
#Gott Bay,-19990,51,-3502,-95,-152,-1608,-101,899,1205,330,1051,169,-606,-281,113,-440,18
#Grangemouth,13906,43,-1509,731,-608,-1462,80,891,432,-43,271,-228,-129,41,-142,-276,8
#Granton,12531,48,-2109,263,-621,-1565,-102,795,641,68,295,-177,-216,54,-34,-125,7
#Gravesend,5477,50,-2137,1119,-375,-1640,43,861,744,-260,323,-388,-245,152,-70,-145,6
#Great Saltee,-21124,50,-2337,898,-314,-1565,-48,769,792,-91,314,-218,-274,86,-53,-166,5
#Great Yarmouth (Britannia Pier),-10458,52,-2256,146,-725,-1487,-192,735,694,129,426,-26,-213,-28,57,-162,19
#Greenock,3898,45,-2312,1098,-500,-1520,2,600,804,-246,405,-473,-356,210,-135,-112,14
#Greenore,693,51,-2264,-716,-625,-1641,-147,666,686,153,279,-50,-173,-41,113,-131,8
#Greenway Quay,-18629,49,-2431,1315,-253,-1789,-53,806,848,-162,235,-347,-259,171,51,-300,11
#Greystones,900,50,-2260,-391,-643,-1641,-109,681,686,154,252,-82,-178,-26,93,-127,8
#Grimsby,-20869,51,-2432,452,-353,-1665,-99,741,877,-50,514,-119,-340,15,61,-225,12
#Grovehurst Jetty,3995,52,-2264,898,-433,-1602,-18,826,703,-195,336,-304,-221,116,-57,-203,7
#Gweedore Harbour,-19202,49,-2195,-274,-625,-1566,-80,838,739,114,454,-22,-211,-55,-39,-269,10
#Hale Head,1112,50,-2419,501,-415,-1676,-108,864,821,12,467,-136,-291,-16,27,-225,6
#Halfway Shoal,-396,54,-2366,218,-463,-1629,-121,780,774,31,444,-48,-267,-14,13,-179,6
#Hammersmith Bridge,11162,63,-2025,1526,-329,-1639,93,852,663,-242,236,-427,-159,174,-94,-167,6
#Hartlepool,16131,51,-2250,111,-503,-1605,-111,737,760,55,354,-73,-226,-11,-32,-125,9
#Harwich,1162,47,-2101,905,-383,-1462,-9,724,690,-210,268,-153,-204,81,-77,-103,7
#Hastings,-1248,55,-2702,603,-533,-1987,13,662,934,-18,580,-129,-365,4,76,-87,8
#Haverfordwest,-17871,50,-2314,926,-305,-1671,-58,839,847,-32,539,-230,-334,30,-19,-246,6
#Haws Point,-38,54,-2310,253,-397,-1607,-158,811,734,23,390,-97,-262,-16,53,-225,6
#Helensburgh,3898,45,-2312,1098,-500,-1520,2,600,804,-246,405,-473,-356,210,-135,-112,14
#Helford River (Entrance),-22970,53,-2250,1023,145,-1648,42,898,813,-217,559,-205,-370,12,-63,-264,8
#Helmsdale,1432,50,-2215,488,-429,-1630,-128,809,718,76,358,-76,-254,-40,17,-174,10
#Herne Bay,3615,50,-2197,910,-399,-1671,-9,849,785,-215,398,-315,-264,118,-45,-212,6
#Hestan Island,970,53,-2433,391,-408,-1678,-121,863,822,9,472,-123,-292,-22,35,-225,6
#Heysham,-161,53,-2421,313,-463,-1615,-122,856,793,17,485,-119,-292,-8,33,-240,6
#Hilbre Island,-1446,54,-2398,243,-417,-1673,-159,884,772,26,477,9,-272,-57,25,-185,6
#Hillswick,-9542,52,-2316,60,-305,-1704,-164,786,778,135,485,11,-239,-91,48,-209,11
#Hinkley Point,-17517,49,-2453,1280,-99,-1735,-16,891,881,-231,524,-314,-364,87,-40,-263,6
#Holliwell Point,3245,52,-2144,787,-408,-1639,-43,850,704,-193,376,-282,-246,102,-6,-177,6
#Holy Island,13080,48,-2248,-13,-544,-1609,-164,797,752,115,375,-84,-243,-31,26,-166,9
#Holyhead,-3365,50,-2460,-80,-486,-1670,-179,864,789,161,527,-32,-306,-71,54,-238,8
#Howth,984,48,-2262,-425,-641,-1641,-112,679,686,154,253,-72,-178,-28,97,-126,8
#Hull (Albert Dock),-18980,53,-2340,624,-265,-1522,4,789,783,-86,478,-131,-307,50,13,-303,11
#Hull (Alexandra Dock),-19379,52,-2452,620,-290,-1694,-117,726,879,-109,530,-87,-349,43,104,-214,12
#Hull (King George Dock),-19374,52,-2358,632,-235,-1552,-39,805,762,-48,447,-112,-341,55,25,-268,11
#Hullbridge,4971,52,-2243,1426,-446,-1634,28,876,705,-182,325,-359,-245,136,-58,-179,7
#Humber Bridge,-18541,54,-2305,597,-294,-1417,23,818,715,-110,480,-162,-302,81,9,-294,12
#Humber Sea Terminal,-19806,51,-2443,661,-289,-1699,-107,739,783,-68,575,-73,-289,-9,41,-186,12
#Hunstanton,-19182,55,-2404,841,-300,-1687,-90,722,879,-103,518,-110,-345,56,90,-213,12
#Hurst Point,-2081,45,-1929,-1496,-381,-1640,-230,834,781,-28,484,-41,-318,-59,102,-213,12
#Iken Cliffs,6556,53,-2141,883,-426,-1635,-30,853,701,-203,364,-303,-242,113,-16,-177,6
#Ilfracombe,-19939,49,-2473,776,-215,-1690,-80,878,866,-88,543,-212,-358,29,-14,-254,6
#Immingham,-20099,51,-2454,612,-287,-1694,-118,725,879,-106,531,-83,-349,41,105,-214,12
#Inishbiggle,-18964,51,-2231,-114,-634,-1568,-65,851,739,116,473,-31,-215,-48,-46,-277,10
#Inishbofin Bay,-20430,50,-2558,-88,-625,-1584,-72,890,738,123,569,4,-230,-54,-31,-313,10
#Inishgort,-20034,52,-2205,-239,-624,-1569,-78,841,737,118,460,-21,-212,-54,-39,-272,10
#Inishtrahull,-18764,53,-2256,-4,-640,-1569,-54,860,741,117,485,-40,-218,-43,-52,-283,10
#Inner Dowsing Light,-20088,51,-2562,428,-370,-1736,-150,936,794,31,537,-55,-249,-25,54,-218,14
#Inveraray,4558,48,-2309,1105,-503,-1519,3,600,803,-249,402,-476,-355,213,-135,-112,14
#Invergordon,2760,50,-2022,908,-324,-1868,-116,733,677,-57,266,-235,-203,-7,34,-72,11
#Inverie Bay,-18923,52,-3378,-467,-136,-1605,-134,882,1202,294,1044,211,-588,-289,134,-432,17
#Inverness,3580,49,-1810,914,-242,-1765,-97,748,630,-79,297,-172,-181,-36,-24,-122,10
#Inward Rocks,-14549,57,-2308,1340,30,-1618,93,788,807,-267,544,-276,-327,73,-31,-305,8
#Iona,-20774,51,-3408,-209,-143,-1607,-111,890,1203,328,1043,190,-593,-290,122,-437,17
#Ipswich,2298,46,-2057,692,-378,-1463,-29,713,688,-220,285,-128,-203,73,-62,-101,7
#Irvine,2698,45,-2319,1084,-496,-1521,0,600,805,-241,410,-468,-359,206,-134,-113,14
#Isle Of Whithorn,768,52,-2446,281,-400,-1681,-134,862,822,7,476,-109,-292,-28,43,-224,6
#Itchenor,772,43,-2146,276,-443,-1651,133,788,732,29,437,-287,-204,42,-86,-51,9
#Jupiter Point,-20569,49,-2238,1047,135,-1647,46,896,812,-227,555,-217,-372,22,-65,-262,9
#Keadby,-15248,64,-2517,345,-295,-1704,-151,736,875,-137,543,-77,-349,37,116,-224,12
#Kettletoft Pier,-1479,49,-2280,125,-396,-1637,-172,807,716,82,404,-47,-249,-61,44,-180,10
#Kew Bridge,12062,67,-2018,1535,-333,-1638,95,852,662,-245,232,-429,-158,176,-95,-166,6
#Kilbaha Bay,-22702,49,-1995,-222,-332,-1659,-111,580,736,104,465,89,-203,-57,52,-143,8
#Kilkeel,1550,46,-1957,383,-720,-1785,-92,630,656,39,258,-221,-157,55,-107,-96,8
#Kilkieran Cove,-22065,49,-2256,-39,-626,-1573,-60,858,737,128,487,-25,-216,-48,-46,-282,10
#Killala Bay (Inishcrone),-19775,47,-2154,-460,-613,-1565,-98,823,736,114,433,-10,-206,-64,-30,-260,9
#Killard Point,344,49,-2219,3,-691,-1796,-152,643,654,37,283,-168,-167,35,-79,-96,8
#Killary Harbour,-21291,50,-2286,100,-636,-1574,-46,869,739,128,502,-38,-220,-41,-54,-288,10
#Inishmore (Killeany Bay),-22485,48,-2307,-107,-522,-1669,-153,776,751,154,466,-21,-211,-82,19,-195,7
#Killough Harbour,-49,50,-2347,-188,-676,-1799,-182,651,651,36,293,-143,-170,27,-62,-97,8
#Killybegs,-19734,48,-2205,-236,-625,-1568,-77,841,737,117,460,-22,-212,-54,-40,-272,10
#Killyleagh,6704,50,-2218,73,-721,-1784,-142,645,655,15,271,-185,-164,46,-83,-93,8
#Kilmokea Point,-20541,52,-2254,787,-310,-1564,-57,758,792,-96,315,-195,-270,82,-44,-162,5
#Kilrush,-21131,49,-2411,32,-349,-1663,-89,634,736,105,506,67,-227,-47,43,-167,8
#Kincardine,14401,39,-1650,189,-519,-1469,-85,837,515,-74,306,-158,-182,72,-14,-222,7
#King's Lynn,-18542,62,-2555,68,-620,-1261,-266,570,389,-114,556,25,-154,52,193,-269,7
#Kinsale,-22751,52,-2029,428,-282,-1568,-90,728,790,-91,315,-118,-257,58,-17,-147,5
#Kirkcaldy,12669,47,-2132,374,-626,-1564,-90,802,642,69,294,-190,-219,58,-42,-127,7
#Kirkcudbright Bay,371,52,-2432,384,-403,-1678,-121,865,820,14,473,-122,-290,-22,38,-225,6
#Kirkwall,-2869,49,-2337,-302,-433,-1656,-183,643,709,274,341,145,-277,-38,72,-37,13
#Knights Town,-24559,49,-2291,-325,-374,-1707,-207,849,767,243,411,67,-244,-143,72,-201,7
#Kyle Of Durness,-13580,53,-2272,99,-352,-1649,-182,802,711,129,393,-6,-242,-89,50,-175,10
#Kyle Of Lochalsh,-16308,51,-2869,-905,-227,-1756,-440,1040,1029,131,659,446,-424,-218,378,-268,13
#Lamlash,2362,50,-2577,1464,-505,-1524,36,641,813,-230,402,-559,-376,226,-165,-128,14
#Lancaster,2626,50,-2312,1306,-469,-1659,-12,872,820,24,439,-218,-290,31,-28,-227,7
#Langstone Harbour,898,42,-2176,431,-386,-1640,16,822,650,57,323,-183,-301,44,23,-195,10
#Larne,-1091,49,-1978,218,-715,-1712,-53,657,617,2,334,-211,-218,63,-76,-100,9
#Lawyer's Creek,-19182,50,-2404,841,-300,-1687,-90,722,879,-103,518,-110,-345,56,90,-213,12
#Lee-On-The-Solent,618,41,-2297,244,-495,-1592,-62,926,799,6,503,-247,-363,32,-35,-247,11
#Leith,12531,48,-2109,263,-621,-1565,-102,795,641,68,295,-177,-216,54,-34,-125,7
#Lerwick,-1141,50,-2309,156,-341,-1696,-148,791,782,102,484,-31,-244,-69,38,-211,11
#Leverburgh,-17510,52,-2815,-538,-363,-1764,-322,973,822,439,428,234,-188,-221,191,-204,10
#Limerick Dock,-16543,50,-2100,-97,-361,-1659,-96,598,737,84,476,57,-210,-45,42,-154,8
#Liscannor,-22680,50,-2275,40,-628,-1578,-52,866,736,132,495,-30,-216,-47,-51,-288,10
#Little Bernera,-16697,50,-2717,-754,-347,-1763,-344,957,829,430,411,253,-178,-227,204,-193,10
#Little Haven,-18363,52,-2439,612,-283,-1681,-95,851,847,-40,530,-170,-341,14,8,-243,6
#Littlehampton (Entrance),-258,49,-2376,549,-309,-1950,-62,700,859,-102,534,-107,-334,0,55,-109,7
#Seacombe (Alfred Dock),-307,54,-2260,444,-311,-1563,-76,828,739,-36,433,-144,-265,-13,1,-218,6
#Liverpool (Gladstone Dock),-829,55,-2434,370,-398,-1679,-124,864,820,19,474,-116,-290,-25,40,-224,6
#Lizard Point,-23704,52,-2407,483,-421,-1708,-205,859,774,-128,361,-215,-249,88,61,-211,7
#Llanddwyn Island,-7376,55,-2664,-528,-444,-1686,-239,873,787,166,530,51,-306,-106,95,-234,8
#Llandudno,-2171,53,-2465,100,-489,-1670,-157,861,838,94,495,-70,-311,-41,55,-220,7
#Llanelli,-19143,50,-2441,603,-279,-1681,-96,851,847,-37,531,-166,-341,11,9,-243,6
#Loch A' Bhraige,-15947,51,-3019,-643,-360,-1785,-328,1007,837,410,485,209,-210,-213,189,-236,9
#Loch Aline,-19607,50,-3439,-284,-143,-1606,-118,891,1203,313,1046,191,-596,-286,124,-436,17
#Loch Beag,-23641,53,-3296,146,-150,-1597,-78,875,1198,370,1054,165,-588,-282,106,-432,17
#Kinlochbervie,-14309,50,-2514,-607,-408,-1718,-303,886,807,323,457,146,-236,-170,144,-187,9
#Loch Boisdale,-18207,52,-2849,-468,-365,-1766,-316,980,819,444,432,230,-191,-220,188,-210,10
#Loch Carnan,-17377,50,-2989,-146,-394,-1762,-282,1000,814,444,462,195,-210,-205,167,-228,10
#Loch Creran Head,-19091,56,-3380,-78,-155,-1602,-97,886,1205,322,1051,158,-598,-272,109,-437,17
#Loch Dunvegan,-18134,53,-3300,-501,-367,-1793,-322,1044,828,425,530,186,-224,-220,182,-266,10
#Loch Eatharna,-19406,50,-3346,-573,-129,-1604,-143,879,1201,289,1040,228,-580,-296,140,-428,17
#Loch Harport,-18561,53,-3396,-449,-371,-1796,-318,1056,825,427,547,178,-230,-222,179,-277,10
#Loch Hourn,-19334,53,-3297,-521,-362,-1794,-324,1043,825,430,528,193,-221,-223,185,-265,10
#Loch Inver,-15701,51,-2638,-880,-337,-1777,-345,958,843,404,420,253,-184,-212,204,-195,9
#Loch Laxford,-14501,50,-2643,-864,-343,-1776,-343,959,846,399,423,248,-187,-209,202,-197,9
#Lochmaddy,-17371,51,-2897,-352,-376,-1762,-303,986,819,441,444,216,-199,-214,180,-216,10
#Loch Melfort,-22556,51,-3266,261,-160,-1596,-66,875,1203,372,1057,141,-592,-272,98,-435,17
#Loch Moidart,-19427,53,-3440,-281,-144,-1606,-117,891,1203,312,1047,190,-597,-285,123,-436,17
#Loch Nedd,-15401,51,-2639,-876,-339,-1777,-345,958,844,403,420,251,-185,-211,204,-196,9
#Loch Ranza,3242,46,-2189,899,-492,-1519,-17,580,801,-247,413,-425,-350,197,-118,-106,14
#Loch Scresort,-19247,52,-3440,-278,-144,-1606,-117,891,1204,311,1047,188,-597,-284,123,-436,17
#Loch Shell,-16112,50,-2747,-684,-356,-1763,-337,961,828,427,419,245,-184,-224,199,-197,10
#Loch Skipport,-18155,53,-2941,-262,-381,-1766,-295,994,815,448,450,211,-204,-213,176,-223,10
#Loch Snizort (Uig Bay),-17277,53,-3111,-603,-359,-1787,-328,1018,832,416,500,203,-213,-215,187,-245,10
#Lochgoilhead,4358,44,-2499,1391,-510,-1520,30,631,808,-241,394,-543,-366,229,-160,-122,14
#London Bridge (Tower Pier),8919,52,-2074,1400,-314,-1645,77,855,664,-237,256,-413,-166,164,-85,-173,6
#Londonderry,-10779,51,-2855,-651,18,-1710,-185,913,854,440,347,282,-267,-398,133,-145,15
#Looe,-21570,51,-2267,1141,132,-1647,56,898,813,-220,547,-226,-373,23,-71,-263,9
#Lossiemouth,2023,50,-2238,640,-548,-1605,-119,827,725,174,305,-97,-231,-23,-18,-161,10
#Lostwithiel,-21207,50,-2193,823,152,-1649,22,893,813,-232,581,-187,-371,8,-49,-263,8
#Loth,-2479,46,-2261,223,-398,-1637,-161,808,716,88,391,-51,-249,-59,38,-178,10
#Loughros More Bay,-19562,50,-2195,-278,-623,-1567,-81,838,738,115,454,-20,-210,-56,-38,-270,10
#Lowestoft,-6695,50,-2187,101,-736,-1479,-191,725,698,114,420,-27,-210,-22,57,-158,19
#Luce Bay (Offshore Platform),1270,51,-2432,395,-409,-1678,-120,863,822,8,471,-124,-292,-21,34,-225,6
#Lundy,-20461,50,-2446,585,-274,-1680,-100,849,850,-31,535,-158,-343,7,13,-242,6
#Lyme Regis,-18002,45,-2766,1652,97,-1758,96,902,1057,-154,372,-681,-399,276,-113,-258,12
#Lynmouth,-19770,50,-2382,844,76,-1623,39,795,817,-260,614,-213,-338,38,3,-314,8
#Malahide,1501,47,-2262,-384,-645,-1640,-108,681,686,152,252,-84,-178,-25,92,-128,8
#Maldon,4832,50,-2193,1132,-432,-1636,-4,864,703,-189,349,-327,-245,121,-34,-178,6
#Mallaig,-19307,53,-3440,-279,-144,-1606,-117,891,1204,311,1047,188,-597,-284,123,-436,17
#Margate,2499,50,-2260,855,-392,-1719,-49,856,829,-175,416,-325,-284,86,-40,-245,8
#Marino Point,-21720,53,-2078,515,-290,-1567,-81,734,790,-95,314,-137,-259,65,-24,-151,5
#Martin's Haven,-18363,52,-2439,612,-283,-1681,-95,851,847,-40,530,-170,-341,14,8,-243,6
#Maryport,782,52,-2474,54,-386,-1685,-161,860,823,2,483,-89,-293,-40,58,-223,6
#Maseline Pier,-17874,53,-2433,1135,-119,-1710,-71,870,961,-169,641,-242,-430,27,8,-287,8
#Mcdermott Base,2673,48,-2054,585,-22,-1288,-89,398,629,147,294,-73,-214,-36,78,-19,7
#Meikle Ferry,3391,50,-2139,742,-558,-1597,-102,815,727,170,493,-185,-224,-14,-27,-206,10
#Mellon Charles,-15901,51,-2544,-941,-331,-1776,-350,946,845,404,402,263,-178,-212,207,-185,9
#Mellon Point,-17539,49,-2611,198,-370,-1665,-74,664,736,96,524,41,-239,-38,34,-183,8
#Menai Bridge,-2111,53,-2242,331,-514,-1657,-125,855,787,169,522,-101,-301,-43,19,-239,8
#Methil,12164,48,-2092,232,-545,-1614,-142,712,667,71,309,-73,-165,57,2,-179,7
#Mevagissey,-22070,52,-2246,1033,141,-1649,44,898,812,-221,557,-210,-370,16,-64,-264,8
#Mid Yell,-2714,49,-2345,-81,-321,-1701,-176,789,782,102,488,-2,-242,-83,52,-209,11
#Middlesbrough (Dock Entrance),16405,51,-2223,138,-506,-1604,-107,735,761,55,345,-73,-225,-9,-33,-122,9
#Milford Haven,-18963,51,-2441,605,-280,-1681,-96,851,847,-38,531,-167,-341,11,9,-243,6
#Millport,3345,46,-2256,1013,-575,-1591,53,715,815,-201,226,-399,-229,200,-164,-129,13
#Minehead,-18517,47,-2364,968,65,-1625,53,797,813,-260,595,-229,-335,44,-5,-313,8
#Minsmere Sluice,-2494,50,-2182,146,-750,-1470,-183,729,699,100,419,-47,-209,-12,55,-160,19
#Mistley,2368,50,-2135,1142,-397,-1458,16,735,689,-209,247,-183,-203,93,-93,-105,7
#Moelfre,-2024,52,-2407,32,-496,-1665,-163,864,788,159,524,-55,-305,-60,45,-238,8
#Montrose,10882,47,-2429,-1,-544,-1608,-192,818,731,123,396,-80,-227,-42,25,-179,10
#Morecambe,-131,55,-2445,270,-394,-1681,-135,864,821,13,477,-107,-290,-29,46,-224,6
#Mostyn Docks,-1557,56,-2401,197,-556,-1701,-146,813,821,105,443,-93,-253,-14,19,-208,7
#Moville,-15647,48,-2571,-1324,-352,-1509,-390,685,824,439,443,397,-149,-333,220,-98,11
#Muckle Skerry,-1279,49,-2259,236,-403,-1635,-159,809,716,83,390,-56,-250,-56,36,-179,10
#Mullaghmore,-19922,49,-2194,-282,-622,-1568,-81,838,738,116,454,-19,-210,-57,-38,-270,10
#Mulroy Bay Bar,-18815,50,-2600,-76,-630,-1585,-70,896,738,117,580,-2,-231,-52,-34,-318,10
#Mumbles,-18830,49,-2515,763,-242,-1683,-81,902,890,-93,567,-231,-382,32,-20,-261,6
#Nab Tower,221,44,-2196,399,-477,-1938,50,756,889,6,274,-281,-190,107,-26,-174,10
#Nairn,2511,49,-1968,1357,-344,-1859,-53,732,675,-50,229,-267,-201,12,6,-69,11
#Narlwood Rocks,-14250,59,-2307,1345,29,-1616,94,786,805,-270,545,-279,-326,76,-33,-303,7
#Nato Jetty,-15701,51,-2638,-880,-337,-1777,-345,958,843,404,420,253,-184,-212,204,-195,9
#New Hythe,6365,65,-2184,1064,-451,-1594,3,822,701,-200,315,-323,-214,128,-69,-198,7
#New Quay,-13260,56,-2635,162,-273,-1693,-145,872,846,-81,508,-101,-353,6,44,-237,6
#New Ross,-19207,56,-2584,1305,-343,-1563,-9,805,792,-94,304,-306,-287,111,-87,-183,6
#Newburgh,15702,58,-2638,160,-572,-1603,-179,849,735,108,429,-129,-241,-28,11,-200,10
#Newcastle (N.Ireland),1184,49,-2219,12,-695,-1794,-151,643,654,34,281,-171,-166,36,-80,-96,8
#Newcastle upon Tyne,15755,52,-2327,53,-559,-1606,-158,810,753,107,387,-101,-250,-24,19,-174,9
#Newhaven,-936,52,-2381,605,-348,-1731,-114,842,876,-89,550,-132,-323,11,38,-235,7
#Newport,-16061,51,-2373,1307,16,-1647,70,788,856,-243,548,-165,-349,53,-1,-269,7
#Newquay,-22937,52,-2456,334,-249,-1686,-130,846,851,-27,551,-122,-342,-13,32,-240,6
#Newry (Victoria Lock),1909,50,-2269,-608,-635,-1639,-134,671,687,149,270,-62,-175,-34,106,-131,8
#Neyland,-18595,50,-2376,772,-292,-1677,-76,846,847,-34,536,-199,-337,21,-6,-245,6
#North Fambridge,4971,51,-2243,1426,-446,-1634,28,876,705,-182,325,-359,-245,136,-58,-179,7
#North Sunderland (Northumberland),12780,49,-2248,-16,-543,-1609,-165,797,752,117,375,-83,-243,-32,27,-166,9
#North Woolwich,7743,51,-2082,1348,-314,-1649,67,858,699,-293,289,-419,-178,184,-97,-164,6
#Northney,1511,42,-2055,214,-445,-1649,130,776,733,24,421,-258,-198,41,-76,-41,9
#Oban,-20327,51,-3438,-296,-140,-1606,-119,890,1202,318,1045,199,-594,-291,126,-435,17
#Orford Haven Bar,-536,48,-2138,888,-397,-1640,-32,853,707,-172,378,-287,-247,100,-11,-176,6
#Orford Ness,-994,49,-2181,162,-756,-1467,-181,730,699,94,418,-53,-209,-8,53,-160,19
#Orford Quay,3556,52,-2153,851,-413,-1639,-36,853,704,-192,373,-292,-246,105,-12,-178,6
#Orsay,-23078,52,-3488,-585,5,-1190,-48,774,812,104,1020,419,-429,-193,127,-481,18
#Osea Island,4232,47,-2197,1126,-429,-1637,-5,864,704,-187,351,-325,-246,119,-33,-178,6
#Out Skerries,-2641,52,-2310,139,-334,-1698,-151,791,781,108,485,-24,-243,-72,40,-211,11
#Outer Westmark Knock,-19356,53,-2429,727,-295,-1691,-104,724,879,-105,523,-99,-347,49,97,-213,12
#Owston Ferry,-13577,50,-2487,476,-307,-1697,-133,732,872,-143,536,-97,-348,51,106,-222,12
#Padstow,-22118,52,-2448,672,-273,-1680,-91,850,850,-20,532,-161,-343,7,9,-242,6
#Pagham,-122,47,-2300,474,-308,-1952,-71,690,858,-106,530,-74,-329,-4,66,-105,7
#Par,-21769,51,-2245,1034,140,-1647,44,896,813,-222,558,-211,-372,17,-63,-263,9
#Peel,-229,50,-2433,377,-400,-1679,-122,865,820,16,474,-119,-290,-24,39,-225,6
#Penzance (Newlyn),-24632,54,-2491,385,-316,-1678,-129,847,862,-6,563,-97,-341,-27,55,-246,6
#Perranporth,-22937,52,-2456,334,-249,-1686,-130,846,851,-27,551,-122,-342,-13,32,-240,6
#Perth,16562,73,-2226,-36,-564,-1594,-186,797,736,101,361,-77,-219,-29,22,-159,10
#Peterhead,6298,48,-2242,-41,-473,-1601,-171,811,783,147,313,1,-237,-62,38,-196,11
#Pierowall,-6380,49,-2267,179,-383,-1642,-169,805,715,101,392,-34,-248,-70,41,-177,10
#Plockton,-16153,52,-2062,-1245,-300,-1768,-372,884,852,400,319,322,-144,-212,228,-132,9
#Plymouth (Devonport),-20970,51,-2264,1147,130,-1647,57,898,812,-222,546,-229,-372,26,-72,-262,9
#Porlock Bay,-18825,47,-2357,1074,60,-1618,63,790,815,-257,584,-235,-335,51,-10,-308,8
#Port Appin,-20626,50,-3437,-303,-139,-1609,-121,892,1202,321,1043,203,-593,-294,128,-436,17
#Port Askaig,-22337,53,-3462,-428,-127,-1611,-133,894,1199,326,1039,236,-588,-310,141,-434,17
#Port Cardigan,-13688,55,-2593,258,-277,-1690,-134,869,847,-77,511,-119,-350,10,35,-238,6
#Port Dinorwic,-4554,54,-2355,103,-493,-1667,-156,858,787,172,524,-55,-303,-63,39,-238,8
#Port Erin,63,50,-2338,-6,-542,-1646,-149,838,766,115,466,-84,-271,-27,40,-214,7
#Port Glasgow,4331,46,-2372,1196,-505,-1520,12,610,804,-245,402,-496,-359,217,-143,-115,14
#Port Isaac,-22561,51,-2452,559,-264,-1682,-104,849,850,-21,538,-147,-343,-1,17,-241,6
#Port of Bristol (Avonmouth),-15749,53,-2316,1326,35,-1618,91,789,808,-262,548,-269,-328,69,-28,-305,8
#Port St. Mary,-5,49,-2458,158,-387,-1683,-148,862,821,10,481,-97,-290,-35,54,-224,6
#Port Sutton Bridge,-18677,58,-2498,413,-284,-1701,-142,731,876,-119,541,-71,-350,33,114,-218,12
#Port Talbot,-18686,49,-2526,696,-217,-1731,-65,815,855,-115,552,-200,-357,-8,22,-235,6
#Port William,1270,50,-2432,395,-409,-1678,-120,863,822,8,471,-124,-292,-21,34,-225,6
#Portavogie,285,49,-2217,2,-689,-1795,-151,645,652,39,283,-170,-165,36,-77,-97,8
#Porth Dinllaen,-7805,55,-2612,-433,-448,-1684,-227,869,786,171,530,38,-305,-101,87,-235,8
#Porth Trecastell,-5576,53,-2669,-504,-452,-1683,-236,874,789,159,531,41,-308,-100,92,-235,8
#Porth Ysgaden,-8105,55,-2611,-437,-447,-1685,-228,869,785,173,530,40,-305,-102,88,-235,8
#Porthcawl,-18520,49,-2400,710,-289,-1678,-84,847,847,-36,531,-188,-338,18,0,-243,6
#Porthgain,-16038,51,-2512,432,-279,-1687,-114,862,848,-56,519,-143,-345,9,23,-243,6
#Porthleven,-24291,54,-2333,309,-395,-1675,-290,710,675,-88,357,69,-210,4,56,-166,6
#Porthmadog,-10560,50,-2633,197,-285,-1691,-140,872,845,-93,505,-115,-352,16,39,-238,6
#Portishead,-15831,50,-2311,1359,33,-1617,94,787,809,-260,543,-280,-327,70,-32,-304,8
#Portmahomack,1933,51,-2098,947,-562,-1595,-79,816,725,181,521,-214,-224,-7,-42,-217,10
#Portnancon,-11812,51,-2956,-610,-324,-1674,-274,863,714,105,451,231,-266,-122,150,-189,10
#Portpatrick,1233,50,-2191,234,-552,-1633,-108,834,741,18,440,-152,-298,28,7,-220,8
#Portree,-16901,51,-2632,-895,-332,-1778,-348,957,841,410,417,257,-182,-214,206,-193,9
#Portrush,-15519,49,-2490,-2523,-621,-1698,-614,832,647,771,97,878,33,-461,400,-51,15
#Portsmouth,624,43,-2117,109,-491,-1590,-70,904,796,3,476,-193,-352,27,-18,-226,11
#Preston,71,79,-2432,381,-402,-1678,-122,865,820,15,473,-120,-290,-23,38,-225,6
#Pwllheli,-11973,59,-2542,-37,-691,-1485,-345,887,698,-23,596,-14,-294,11,129,-321,8
#Quigley's Point,-14045,49,-2676,-1151,-370,-1508,-375,697,826,439,474,391,-163,-326,216,-110,11
#Quoile Barrier,6284,54,-2218,68,-719,-1785,-143,645,655,16,272,-184,-164,45,-83,-93,8
#Ramsey,-5,51,-2458,158,-387,-1683,-148,862,821,10,481,-97,-290,-35,54,-224,6
#Ramsey Sound,-17161,51,-2434,624,-288,-1682,-93,854,848,-44,526,-175,-340,16,7,-244,6
#Ramsgate,756,55,-2407,272,-606,-1871,-93,775,699,143,462,-117,-222,7,35,-160,7
#Rapness,-7280,49,-2267,169,-379,-1643,-170,804,715,105,392,-31,-247,-73,42,-177,10
#Rathmullan,-18386,50,-3014,-156,-621,-1601,-89,938,737,114,696,44,-250,-60,-12,-360,11
#Red Bay,-116,47,-1672,775,-736,-1780,-29,616,657,55,240,-274,-148,71,-137,-96,8
#Redkirk,5289,50,-2635,-1007,-338,-1702,-282,852,824,-46,522,-2,-298,-86,124,-225,7
#Rhu Marina,3478,45,-2315,1093,-499,-1520,1,600,804,-244,407,-472,-357,209,-134,-113,14
#Richborough,733,62,-2426,257,-325,-1560,-62,574,239,-123,316,-45,-68,44,74,-238,10
#Richmond Lock,12757,57,-1924,1206,-394,-1633,56,832,689,-278,165,-433,-214,166,2,-158,10
#Ringaskiddy,-21463,53,-2287,603,-483,-1748,-192,738,840,-106,271,-89,-218,24,39,-139,6
#River Boyne Entrance,778,48,-2166,-165,-557,-1604,-57,716,640,158,259,-12,-166,-83,15,-111,6
#River Foyle (Lisahally),-12568,51,-2764,-1001,-384,-1508,-361,709,826,440,502,384,-174,-320,213,-121,12
#River Neath Entrance,-18560,50,-2367,793,-294,-1675,-74,845,847,-34,535,-203,-337,22,-8,-246,6
#River Tay Bar,11652,49,-2328,-40,-545,-1605,-193,806,732,119,379,-71,-222,-41,27,-169,10
#River Tees Entrance,16371,51,-2250,114,-504,-1604,-111,737,760,54,353,-74,-226,-10,-32,-125,9
#River Tyne (North Shields),15575,51,-2328,50,-559,-1606,-158,810,753,108,387,-100,-250,-25,20,-174,9
#River Yealm Entrance,-20610,50,-2262,1151,128,-1647,57,898,812,-224,545,-231,-372,27,-73,-262,9
#Roa Island,57,54,-2325,282,-429,-1602,-110,809,779,16,413,-115,-249,-3,26,-229,6
#Roberts Cove,-22263,53,-2211,698,-298,-1568,-65,752,791,-90,315,-176,-266,73,-39,-160,5
#Rochester (Strood Pier),5345,51,-2189,1053,-446,-1596,1,822,702,-196,318,-319,-215,126,-68,-198,7
#Rochford,3864,50,-2191,1076,-424,-1637,-11,862,705,-186,355,-319,-246,116,-30,-178,6
#Rockall,-19059,49,-2615,-991,-321,-1768,-372,942,828,438,387,285,-161,-242,221,-179,10
#Rona,-13580,49,-2272,99,-352,-1649,-182,802,711,129,393,-6,-242,-89,50,-175,10
#Roonah Quay,-21347,50,-2215,-207,-620,-1569,-75,843,737,122,467,-18,-212,-54,-40,-273,10
#Rosneath,3598,45,-2314,1094,-499,-1520,2,600,804,-244,406,-472,-357,209,-135,-112,14
#Rosslare Europort,-19861,46,-2618,2798,556,-1922,244,785,1022,-613,731,-548,-506,191,-111,-115,14
#Rosyth,13129,46,-1670,518,-538,-1468,-56,852,518,-66,253,-182,-184,79,-38,-217,7
#Rothesay Bay,2805,47,-2256,992,-493,-1520,-8,590,804,-243,411,-447,-355,202,-126,-110,14
#Roundstone Bay,-22185,48,-2256,-40,-626,-1573,-60,857,737,129,487,-25,-216,-48,-46,-282,10
#Rubh' A' Mhail,-20823,52,-3320,91,-157,-1601,-81,882,1203,348,1052,150,-594,-273,103,-437,17
#Rubha A' Bhodaich,2942,47,-2191,896,-491,-1520,-17,580,802,-246,414,-423,-350,196,-118,-106,14
#Rubha Na Creige,-13127,54,-3447,-174,-170,-1603,-104,892,1213,271,1057,124,-614,-246,103,-441,17
#Ryde,25,44,-2115,103,-487,-1590,-70,906,794,7,478,-192,-351,27,-15,-226,11
#Rye (Approaches),-1072,50,-2686,716,-539,-1984,30,663,935,-16,576,-143,-364,10,69,-85,8
#Rye (Harbour),-1072,50,-2686,716,-539,-1984,30,663,935,-16,576,-143,-364,10,69,-85,8
#S.E. Long Sand,2187,51,-2271,791,-387,-1720,-57,856,829,-175,422,-315,-285,82,-35,-246,8
#Salcombe,-20133,50,-2445,1331,54,-1665,-65,780,895,-144,320,-302,-294,142,-33,-197,8
#Salen,-19852,51,-3599,-454,-434,-1924,-392,1011,1219,139,795,249,-558,-145,255,-350,16
#Salen (Sound Of Mull),-18751,51,-3620,-864,-118,-1617,-175,907,1203,269,1035,267,-598,-314,160,-436,18
#Saltash,-20661,49,-2311,1364,114,-1646,81,902,812,-216,522,-259,-373,37,-88,-262,9
#Sandown,724,45,-2104,1,-485,-1593,-80,899,795,-1,475,-182,-349,22,-9,-225,11
#Scalasaig,-21007,52,-3350,-12,-151,-1604,-92,885,1202,343,1049,165,-593,-280,110,-437,17
#Scalloway,-7742,50,-2315,81,-314,-1703,-160,787,779,128,485,3,-240,-87,45,-209,11
#Scarborough,18264,51,-2156,138,-471,-1634,-174,768,758,53,369,-129,-248,26,61,-322,9
#Schull,-23711,50,-1886,210,-265,-1568,-111,708,790,-90,318,-69,-248,45,1,-138,5
#Scolpaig,-17740,50,-2622,-972,-327,-1765,-368,942,830,430,392,278,-164,-237,218,-180,10
#Scrabster,-9174,50,-2411,-455,-383,-1436,-219,710,815,237,487,173,-342,-148,143,-265,11
#Sea Mills,-15449,59,-2314,1329,34,-1618,91,789,808,-263,547,-271,-327,70,-29,-305,8
#Seafield Point,-22964,50,-2297,129,-631,-1579,-44,874,736,134,507,-33,-219,-43,-54,-293,10
#Seaham,15471,51,-2251,104,-500,-1606,-112,736,760,58,354,-71,-226,-12,-31,-125,9
#Seamount Bay,-15096,50,-2602,-26,-645,-1577,-61,895,739,100,581,-25,-233,-41,-44,-315,10
#Seil Sound,-21723,50,-3321,77,-153,-1601,-83,882,1202,354,1050,159,-591,-278,106,-436,17
#Selsey Bill,5,47,-2319,514,-234,-2031,-134,723,759,-40,296,-75,-215,16,74,-71,7
#Sennen Cove,-24910,50,-2459,199,-232,-1692,-145,847,849,-22,557,-103,-339,-26,40,-239,6
#Sharpness Dock,-13215,71,-2578,1555,14,-1620,117,816,805,-268,564,-361,-339,93,-59,-321,8
#Sheerness,4265,50,-2195,1041,-442,-1597,-1,822,703,-192,322,-316,-216,123,-66,-199,7
#Shieldaig,-16601,52,-2634,-892,-333,-1778,-347,957,841,408,417,256,-182,-213,205,-194,9
#Shillay,-18863,50,-2801,-579,-354,-1767,-328,972,820,446,422,244,-185,-225,196,-204,10
#Shirehampton,-15749,56,-2316,1326,35,-1618,91,789,808,-262,548,-269,-328,69,-28,-305,8
#Shivering Sand,3131,50,-2188,915,-411,-1654,-25,848,777,-163,371,-326,-257,101,-47,-201,7
#Shoreham,-500,50,-2527,698,-314,-1946,-46,720,860,-96,544,-169,-343,6,34,-120,7
#Silloth,1494,56,-2460,176,-396,-1682,-145,861,822,2,478,-103,-292,-32,49,-224,6
#Skegness,-19356,53,-2429,727,-295,-1691,-104,724,879,-105,523,-99,-347,49,97,-213,12
#Skomer Island,-19261,52,-2442,599,-279,-1679,-98,849,849,-36,533,-164,-343,11,11,-242,6
#Slaughden Quay,5056,52,-2147,867,-419,-1637,-33,853,702,-198,369,-298,-244,109,-14,-177,6
#Sligo Harbour (Oyster Island),-19502,48,-2195,-278,-623,-1567,-80,838,738,115,454,-20,-210,-56,-39,-270,10
#Slyne Head,-22245,50,-2256,-41,-625,-1573,-60,857,737,129,487,-25,-216,-49,-46,-282,10
#Smerwick Harbour,-24918,50,-1686,-84,-245,-1569,-139,681,791,-90,319,-5,-237,28,25,-125,5
#Soldiers Point,780,51,-2260,-392,-642,-1642,-109,681,686,154,252,-82,-178,-26,93,-127,8
#Solva,-18265,53,-2476,510,-276,-1686,-107,857,848,-42,528,-151,-343,7,18,-244,6
#South Rock,827,49,-2089,192,-705,-1791,-122,637,655,39,271,-194,-162,45,-93,-96,8
#Southend (Kintyre),2616,51,-2063,700,-484,-1519,-35,559,798,-249,422,-376,-343,185,-102,-99,13
#Southend-On-Sea,4107,50,-2155,993,-398,-1666,6,862,747,-227,362,-329,-233,127,-41,-193,6
#Southerness Point,1270,50,-2432,395,-409,-1678,-120,863,822,8,471,-124,-292,-21,34,-225,6
#Southport,-1504,50,-2460,140,-381,-1684,-151,862,821,16,482,-91,-289,-39,56,-223,6
#Southwold,-2794,48,-2182,143,-749,-1470,-184,729,699,101,419,-45,-209,-12,55,-160,19
#Spurn Head,-21634,50,-2465,344,-345,-1708,-137,739,882,-12,527,-119,-333,-1,92,-189,12
#St. Catherine Bay,-18175,54,-2435,1134,-118,-1708,-71,868,960,-169,643,-241,-430,28,7,-286,8
#St. Germans,-20970,53,-2264,1147,130,-1647,57,898,812,-222,546,-229,-372,26,-72,-262,9
#St. Helier,-18487,54,-2638,1018,-110,-1715,-85,892,963,-172,682,-221,-445,22,23,-301,8
#St. Ives,-22857,52,-2463,-2,-227,-1693,-167,842,851,-37,567,-91,-340,-30,52,-240,6
#Hirta (Bagh A' Bhaile),-18160,50,-2620,-977,-325,-1766,-369,941,829,432,390,280,-163,-238,218,-179,10
#St. Mary's,-24459,52,-2462,360,-329,-1666,-140,832,848,2,548,-88,-324,-38,46,-243,6
#St. Mary's (Scapa Flow),-5780,48,-2266,186,-386,-1641,-168,805,715,99,391,-37,-248,-69,40,-177,10
#St. Peter Port,-17876,51,-2528,936,-85,-1694,-1,834,877,-120,629,-166,-395,-6,-36,-297,8
#St. Thomas's Head,-15749,49,-2316,1326,35,-1618,91,789,808,-262,548,-269,-328,69,-28,-305,8
#St. Tudwal's Roads,-12252,58,-1877,78,-842,-939,-360,244,591,-68,405,-53,-211,27,143,-95,8
#Stackpole Quay,-18250,48,-2193,1231,-323,-1663,-22,829,847,-19,551,-284,-327,44,-45,-251,6
#Stansore Point,-683,45,-2065,-355,-456,-1605,-116,885,791,-3,480,-148,-342,2,19,-223,11
#Starcross,-17913,49,-2239,1609,88,-1645,108,895,809,-220,441,-280,-368,57,-102,-246,9
#Start Point,-19775,48,-2530,842,-402,-1835,-49,966,1064,-40,550,-316,-433,58,41,-320,11
#Steep Holm,-16949,50,-2324,1312,40,-1618,89,789,810,-257,551,-263,-328,65,-25,-305,8
#Stirling,16728,50,-1658,547,-553,-1462,-49,855,516,-74,248,-189,-183,85,-46,-215,7
#Stoke Gabriel (Duncannon),-19003,49,-2234,1349,82,-1780,50,711,804,-207,511,-129,-290,77,74,-337,10
#Stonehaven,8662,49,-2429,-27,-535,-1611,-196,817,730,132,397,-71,-226,-47,28,-178,10
#Stornoway,-15760,51,-2632,-946,-336,-1764,-364,943,835,421,397,271,-169,-234,215,-183,10
#Strangford,6104,50,-2218,66,-719,-1785,-143,645,655,17,272,-184,-164,45,-83,-93,8
#Stranraer,2539,47,-2007,722,-439,-1613,-28,713,652,-127,320,-218,-282,7,-7,-208,11
#Stroma,-4280,49,-2265,202,-392,-1639,-165,805,716,93,391,-42,-249,-65,38,-177,10
#Stromness,-7217,48,-2443,-954,-320,-1659,-302,791,718,80,539,39,-237,-124,116,-195,10
#Sudbrook,-15149,54,-2312,1333,32,-1618,92,789,808,-264,546,-272,-327,71,-29,-305,8
#Sule Skerry,-11143,49,-2651,-278,-343,-1661,-231,836,714,111,425,120,-257,-103,103,-184,10
#Sullom Voe,-6235,50,-2489,-146,-735,-1595,-360,994,803,56,570,22,-369,-82,55,-185,13
#Sumburgh (Grutness Voe),-758,49,-2315,126,-341,-1696,-151,791,782,99,488,-22,-244,-69,42,-212,11
#Sunderland,15351,51,-2251,102,-500,-1606,-112,736,760,58,354,-70,-226,-13,-31,-125,9
#Sunk Dredged Channel,-21008,51,-2511,457,-309,-1805,-111,685,904,21,520,-139,-352,34,105,-161,13
#Sunk Head,1180,50,-2157,791,-400,-1641,-44,851,706,-184,377,-274,-248,98,-5,-176,6
#Swansea,-18700,49,-2424,779,-181,-1684,-30,808,850,-99,552,-204,-381,-7,-15,-203,6
#Tabs Head,-19956,58,-2431,720,-292,-1691,-105,724,879,-103,524,-96,-347,47,98,-213,12
#Tanera Mor,-15701,50,-2638,-880,-337,-1777,-345,958,843,404,420,253,-184,-212,204,-195,9
#Tarbert Island,-20531,49,-2410,39,-352,-1662,-88,634,736,103,506,64,-228,-46,42,-168,8
#Tarn Point,-229,53,-2433,377,-400,-1679,-122,865,820,16,474,-119,-290,-24,39,-225,6
#Tees (Newport) Bridge,16419,51,-2148,202,-509,-1602,-97,729,762,56,341,-92,-221,-5,-42,-121,9
#Teignmouth (Approaches),-18770,47,-2243,1818,77,-1639,129,891,809,-211,396,-297,-367,67,-117,-236,9
#Teignmouth (New Quay),-18470,48,-2240,1821,76,-1639,130,891,809,-212,395,-298,-367,68,-117,-236,9
#Tenby,-19718,50,-2406,695,-284,-1677,-87,845,849,-31,535,-180,-341,15,3,-242,6
#Tighnabruaich,3822,44,-2529,1424,-509,-1521,33,635,809,-238,396,-551,-369,229,-161,-124,14
#Tilbury,5998,50,-2098,1184,-358,-1654,38,869,716,-266,317,-382,-212,159,-62,-163,6
#Tingwall,-6105,50,-2390,-604,-342,-1652,-261,795,717,83,495,14,-242,-106,92,-191,10
#Tobermory,-19748,52,-3201,-315,-185,-1708,-218,961,1054,280,768,336,-426,-316,176,-335,12
#Toft Pier,-4943,47,-2329,6,-320,-1702,-168,788,781,113,487,1,-242,-84,48,-209,11
#Topsham,-17613,50,-2236,1613,86,-1645,108,895,809,-221,440,-281,-368,58,-103,-246,9
#Torduff Point,4228,50,-2537,-350,-375,-1690,-206,857,823,-23,496,-62,-295,-53,81,-225,6
#Torquay,-19072,47,-2256,1064,128,-1648,50,899,810,-234,563,-230,-373,27,-69,-265,9
#Totnes,-18621,50,-2254,1081,-577,-1558,-107,717,628,-195,329,-297,-208,123,85,-312,12
#Trawbreaga Bay,-18395,50,-2600,-70,-632,-1584,-69,896,739,115,580,-4,-231,-51,-35,-318,10
#Trearddur Bay,-5576,52,-2669,-504,-452,-1683,-236,874,789,159,531,41,-308,-100,92,-235,8
#Trefor,-7505,55,-2612,-429,-449,-1684,-227,870,786,170,530,36,-306,-101,87,-235,8
#Troon,2398,46,-2321,1081,-494,-1522,0,600,806,-239,412,-467,-359,205,-134,-114,14
#Truro,-22370,50,-2247,1029,143,-1649,44,898,812,-220,557,-209,-370,14,-64,-264,8
#Trwyn Dinmor,-2153,53,-2351,132,-502,-1663,-151,861,788,163,523,-70,-304,-54,37,-239,8
#Turf Lock,-17784,50,-2239,1503,95,-1646,96,896,810,-223,464,-272,-369,52,-97,-249,9
#Turnchapel,-20970,50,-2264,1147,130,-1647,57,898,812,-222,546,-229,-372,26,-72,-262,9
#Ullapool,-15401,51,-2639,-876,-339,-1777,-345,958,844,403,420,251,-185,-211,204,-196,9
#Ulva Sound,-21137,53,-3465,-408,-132,-1610,-131,894,1201,318,1042,224,-592,-303,137,-435,17
#Ulverston,1148,50,-2487,-53,-381,-1687,-173,858,823,-2,487,-78,-292,-45,65,-223,6
#Upnor,5165,51,-2190,1051,-446,-1596,1,822,702,-196,319,-319,-215,125,-68,-198,7
#Ventnor,-1035,43,-2129,201,-489,-1589,-62,910,795,14,481,-198,-354,28,-22,-228,11
#Wadebridge,-22081,79,-2450,565,-267,-1682,-103,849,850,-23,537,-149,-343,1,16,-241,6
#Walton-on-the-Naze,1156,50,-2163,825,-402,-1641,-40,852,706,-183,380,-284,-248,99,-9,-178,6
#Wareham (River Frome),459,51,-1575,-4967,-178,-1744,-568,677,753,-132,493,259,-251,-224,348,-187,19
#Warren Lighthouse,-16604,50,-2505,-1431,-342,-1509,-401,675,824,439,425,400,-140,-337,221,-90,11
#Warrenpoint,288,53,-2210,-291,-589,-1534,-196,678,609,56,200,8,-173,-37,97,-61,7
#Watchet,-18397,48,-2363,969,64,-1625,53,797,813,-260,594,-229,-335,44,-5,-313,8
#Waterford,-19384,52,-2470,1130,-333,-1564,-24,788,793,-96,307,-269,-281,102,-73,-175,6
#Wellhouse Rock,-12915,72,-2576,1559,13,-1620,117,816,804,-269,563,-363,-339,94,-60,-321,8
#Wells,-17113,51,-2563,44,-97,-1401,-131,604,420,-82,472,41,-164,11,79,-216,13
#Wells Bar,-18899,50,-2451,626,-292,-1693,-116,726,879,-111,530,-90,-349,45,103,-215,12
#Wemyss Bay,3598,45,-2314,1094,-499,-1520,2,600,804,-244,406,-472,-357,209,-135,-112,14
#West Burra Firth,-8200,50,-2301,183,-318,-1701,-149,787,779,133,483,-7,-241,-83,39,-211,11
#West Cove,-25278,50,-1686,-87,-243,-1569,-140,681,791,-88,319,-4,-237,27,26,-125,5
#West Loch Tarbert (Outer Hebrides),-16660,47,-2627,-958,-332,-1764,-366,943,833,425,394,274,-167,-236,216,-182,10
#West Mersea,2702,51,-2239,1289,-430,-1637,12,871,707,-176,342,-339,-249,124,-45,-179,7
#West Stones,-18765,57,-2667,319,-546,-1630,-125,799,839,58,580,-89,-236,-39,40,-244,12
#Weston-super-Mare,-17325,47,-2348,1092,54,-1623,66,793,811,-262,578,-243,-332,54,-13,-310,8
#Wexford Harbour,-18115,52,-2650,2802,672,-1557,358,787,857,-561,864,-631,-449,351,-208,-215,17
#Whitaker Beacon,2500,51,-2152,805,-406,-1640,-42,851,705,-189,373,-279,-247,101,-7,-176,6
#Whitby,17575,51,-2312,236,-495,-1622,-146,826,741,53,438,-101,-279,-10,28,-203,9
#White House,-14250,62,-2307,1345,29,-1616,94,786,805,-270,545,-279,-326,76,-33,-303,7
#Whitehall,-1579,49,-2260,233,-402,-1636,-159,808,716,85,390,-55,-250,-57,37,-179,10
#Whitehaven,-5,53,-2458,158,-387,-1683,-148,862,821,10,481,-97,-290,-35,54,-224,6
#Whitehills,2457,50,-2282,146,-552,-1620,-186,809,685,141,417,-6,-232,-68,50,-200,10
#Whitsand Bay,-20970,51,-2264,1147,130,-1647,57,898,812,-222,546,-229,-372,26,-72,-262,9
#Whitstable Approaches,4657,51,-2201,1163,-417,-1711,-11,857,829,-176,386,-356,-277,108,-62,-240,8
#Wick,220,48,-2260,253,-412,-1635,-157,807,718,76,389,-60,-252,-54,32,-179,10
#Wicklow,242,45,-2257,-398,-638,-1642,-109,683,684,158,253,-83,-177,-26,95,-127,8
#Widewall Bay,-6680,49,-2267,176,-382,-1642,-169,804,715,102,392,-33,-248,-71,41,-177,10
#Widnes,1968,79,-2445,295,-405,-1679,-131,862,822,2,474,-115,-292,-24,41,-224,6
#Winterton-On-Sea,-15090,56,-2333,181,-711,-1498,-196,747,692,149,429,-20,-217,-37,58,-168,19
#Wisbech,-17348,50,-2520,319,-285,-1705,-154,735,876,-127,545,-66,-350,29,119,-222,12
#Wisbech Cut,-19276,50,-2500,404,-282,-1700,-144,729,878,-116,543,-66,-352,32,117,-216,12
#Woodbridge,3314,45,-1990,1270,-433,-1628,18,843,707,-178,344,-323,-235,123,-42,-169,6
#Woodbridge Haven,997,47,-2126,927,-407,-1639,-27,850,707,-179,372,-292,-245,103,-16,-176,6
#Workington,638,53,-2432,226,-526,-1614,-128,840,795,37,482,-141,-298,3,20,-229,6
#Worthing,-258,49,-2376,549,-309,-1950,-62,700,859,-102,534,-107,-334,0,55,-109,7
#Wouldham,5908,54,-2138,1157,-454,-1592,15,820,702,-196,306,-329,-212,131,-75,-195,7
#Wyre Lighthouse,-1129,50,-2435,366,-396,-1680,-124,864,820,20,475,-115,-290,-26,40,-224,6
#Yarmouth,-1481,44,-1933,-1491,-383,-1639,-229,835,781,-30,484,-44,-318,-57,101,-213,12
#Yelland Marsh,-19675,55,-2378,435,-250,-1569,-179,915,515,-130,508,-176,-205,70,57,-368,7
#Youghal,-21720,53,-2078,515,-290,-1567,-81,734,790,-95,314,-137,-259,65,-24,-151,5
